ma tanbeta expm2 expm1 exp expp1 expp2 obs
10 1.0 168.0921261413196 220.4941794336294 294.66816525471967 381.5958076306592 476.10093632789 263.07751805609706
50 1.0 194.4947674386667 257.1483243296379 345.7801852973533 450.5892051931831 565.6209248676912 323.5431785622903
100 1.0 275.44893459027276 363.16754386599496 491.4117339116174 642.2106495014132 808.6363957222757 460.7310564392894
150 1.0 348.05811439476565 457.6108323682 623.0810834739084 824.238962404296 1045.834232850561 642.0660715318046
200 1.0 479.93142796077905 631.041912943713 859.1739832243835 1153.7288100978249 1467.166016266035 850.067222638078
250 1.0 646.0721370099127 845.5278890467094 1156.637737326785 1566.9614004086695 2008.7970160675015 1187.8412531737788
300 1.0 815.6925773012016 1072.4970298770747 1460.2676509590945 1989.9268343968333 2573.839035171887 1725.1741609445103
350 1.0 1323.2583760417945 1739.9208863997414 2368.938006370169 3228.2349248113105 4175.456857213997 2966.9458580238024
400 1.0 2351.3017494160595 3103.4031429309634 4238.986711258288 5793.419127069271 7539.906005867094 4939.694509549675
450 1.0 3198.6371435222695 4221.833449511368 5766.5584955304475 7881.328880926748 10294.807371876406 6732.5427627781
500 1.0 4293.61517337046 5666.953846495759 7740.511058446696 10609.978050205644 13892.378151557763 9549.012001127885
10 10.0 1.861339357131781 2.4416045154503236 3.2629574381211732 4.225535791380751 5.272022141057064 2.9131438192570416
50 10.0 2.149111615767119 2.8414155201689355 3.8207722629812615 4.978881990361591 6.249949629814212 3.5750596913600954
100 10.0 3.0783328528457123 4.058649139568892 5.491866893673685 7.177149346205519 9.0370724673935 5.148989047545447
150 10.0 3.855866755320632 5.069516619290405 6.902633601328082 9.131106220871064 11.585988900264468 7.112953606163753
200 10.0 5.339703588436352 7.020954600361478 9.55914560712893 12.836354338239364 16.323647891064645 9.4578240446125
250 10.0 7.176953436416112 9.392626521496835 12.848619694411402 17.406738912224377 22.314911635489533 13.195246901278415
300 10.0 9.065856074389504 11.920059080647293 16.22986002579933 22.11665372620602 28.606432007407584 19.174111769075633
350 10.0 11.667483341469469 15.34129564194997 20.887488964154393 28.46411395501816 36.8159946739155 26.160266203704122
400 10.0 15.247872087540017 20.125147344968756 27.489252355679316 37.56953518237222 48.895265083729946 32.033247137183764
450 10.0 18.595232530384784 24.543570019252424 33.5238075821175 45.81799579426094 59.8487194220342 39.139543679767925
500 10.0 23.52536646687872 31.0500966217351 42.411429981029194 58.13367331676581 76.11843957019124 52.32047998069941
10 20.0 0.6013272664234904 0.7887886555117025 1.0541362429176238 1.3651083435537714 1.7031878955652007 0.9411248963389868
50 20.0 0.6993991938906823 0.9247000992106554 1.2434184530779346 1.620309538596376 2.033961242812946 1.1634546330232427
100 20.0 0.9944981231651954 1.3112028961247622 1.77422376965591 2.3186776400347378 2.9195516006082625 1.663452325906988
150 20.0 1.253103550024292 1.6475230280647248 2.243260781354962 2.967483667643219 3.7652867027704584 2.3116118840835598
200 20.0 1.7310815853785844 2.276127320397549 3.0989849264833813 4.161425114765157 5.291972822540278 3.066137430705936
250 20.0 2.329217679694622 3.0482950664876785 4.169907526506125 5.6492053876871 7.24211006281244 4.282402365110091
300 20.0 2.9468005928547125 3.8745416734491926 5.275415885001801 7.188881863727917 9.29834426083841 6.232426752084685
350 20.0 3.8171223899309803 5.019043213655231 6.833530373351991 9.312291563431756 12.044684656021397 8.558566996002858
400 20.0 4.939544674614189 6.519536878519569 8.905137012106703 12.170642327821145 15.839609938461422 10.37716308207855
450 20.0 6.041485368229138 7.974066412621116 10.891694560084156 14.886006439570117 19.444508806472488 12.716215302718247
500 20.0 7.617048138191048 10.05340686174735 13.731981783571332 18.822533061370333 24.645644488744875 16.940336091568824
10 25.0 0.44937067979913464 0.5894602060095316 0.7877539345558165 1.0201427718233689 1.2727889540215491 0.7033007782253125
50 25.0 0.5234310039748785 0.6920464100236811 0.9305755210195483 1.212641158219774 1.52221847647422 0.8707305240871726
100 25.0 0.7474021404038905 0.9854174967654926 1.3333948170518728 1.742572047851658 2.19415106422655 1.2501459780394122
150 25.0 0.9420203267558193 1.2385250853412573 1.6863708144546796 2.2308052149254793 2.830553476609661 1.7377537413686333
200 25.0 1.2960657306714674 1.7041430303050544 2.3202188718356385 3.115670877420346 3.9621151775115315 2.295625857863849
250 25.0 1.7672875799744696 2.3128855916152196 3.1639059953393986 4.286319224441581 5.4949313146612315 3.249261148191444
300 25.0 2.213109053874549 2.909862064612195 3.9619479805862534 5.399001065232649 6.983251571077213 4.6806832149054785
350 25.0 2.8459728613433626 3.7421018549606013 5.094948498645598 6.943065052447202 8.980284662838786 6.3811025464796645
400 25.0 3.695395812425834 4.877427144986552 6.6621537391374535 9.105159211112051 11.850004826936972 7.763412930639856
450 25.0 4.5382415504512625 5.98995732243615 8.181620544400396 11.182066797613393 14.606321527766063 9.552163604460684
500 25.0 5.72521520210701 7.5564597667768085 10.321393463194001 14.147613415334352 18.524448832772748 12.732894417979228
10 30.0 0.36659369694530175 0.48087782723110695 0.6426445696926846 0.8322258815415405 1.038333004490788 0.5737482304572501
50 30.0 0.42825354390835524 0.5662089662077414 0.7613654172654097 0.9921419815660649 1.245427672802028 0.7124022648597402
100 30.0 0.611357001247906 0.8060478465772315 1.0906849375515781 1.425382085549439 1.7947628758268706 1.022589386542687
150 30.0 0.7753591843408609 1.019406665313722 1.3880200480331477 1.8361337465240357 2.3297752421282323 1.4303123671790128
200 30.0 1.0687893551806125 1.405306758285829 1.9133483535764417 2.5693109456014214 3.2673238906872157 1.893067938067547
250 30.0 1.4510334669963818 1.8989973317279194 2.5977285970256676 3.5192872486460627 4.511619572709868 2.6678095418432046
300 30.0 1.8140182829216507 2.385125566562288 3.2474884417401046 4.42539721424892 5.7239592427664805 3.836613886486018
350 30.0 2.3316990156160147 3.06589543774774 4.174279579496292 5.688437218796057 7.357526557160831 5.228022630949597
400 30.0 3.0323485910513885 4.002293687004767 5.466795312240087 7.471463980198016 9.723815056586895 6.370460826636651
450 30.0 3.716030414416707 4.9047331094611915 6.699324054089914 9.156167615590837 11.960036599314789 7.821560417851854
500 30.0 4.695115733508582 6.196876778983174 8.46433454989436 11.602128477805971 15.191469333295533 10.44195035550045
10 35.0 0.315 0.4132 0.5522 0.7150999999999998 0.8922 0.49300000000000005
50 35.0 0.3691 0.48799999999999993 0.6562 0.8550999999999999 1.0734 0.614
100 35.0 0.5288 0.6972 0.9434 1.2329 1.5523999999999998 0.8845
150 35.0 0.671 0.8822 1.2012 1.589 2.0162 1.2378
200 35.0 0.9328 1.2265 1.6699 2.2424 2.8516 1.6522
250 35.0 1.2568 1.6448 2.25 3.0482000000000005 3.9077 2.3107
300 35.0 1.5907 2.0915 2.8477 3.8806000000000003 5.0193 3.3643
350 35.0 2.0227 2.6596000000000006 3.6211 4.9346 6.3825 4.5352
400 35.0 2.6261 3.4661 4.7344 6.4705 8.4211 5.517
450 35.0 3.2370999999999994 4.2726 5.835899999999999 7.9761 10.4186 6.8135
500 35.0 4.0562 5.3536 7.312499999999999 10.0233 13.1242 9.021
10 40.0 0.2815213475695458 0.3692845105261471 0.4935113908822324 0.6390981449110545 0.7973757025445992 0.440603251910432
50 40.0 0.33323468775580717 0.44058121816535867 0.5924372855739927 0.7720102451909799 0.9690981138907705 0.5543378441670702
100 40.0 0.47561450146129275 0.6270772133487391 0.8485149785903622 1.1088977285393868 1.3962631468769113 0.7955390063209407
150 40.0 0.6083769977582079 0.7998661511509552 1.0890945599212507 1.4407020110846382 1.8280323440836044 1.122278759798971
200 40.0 0.8452940171416821 1.1114420154634146 1.5132466544006162 2.0320404202814193 2.5840913585776377 1.4972070916825548
250 40.0 1.1331773785712878 1.483012533636262 2.0286832445778145 2.7483698960542644 3.5233268954829895 2.083412610331536
300 40.0 1.440627256346525 1.8941798621039523 2.5790370515483745 3.5144893009230684 4.545759972200989 3.04689902465997
350 40.0 1.8291553485357925 2.4051127527393064 3.2746103883833286 4.462426451221003 5.77178227716898 4.101243554001842
400 40.0 2.4007421592526677 3.168657856968764 4.328119141984627 5.915236335800002 7.698446288139307 5.04356060035679
450 40.0 2.9190477884073673 3.8528076305178454 5.262509959027078 7.192430590687963 9.394949580890612 6.144058603785364
500 40.0 3.6745632114823845 4.849894386122996 6.624486831015466 9.08023505686391 11.889379838306079 8.172238728559389
10 45.0 0.2581344253418167 0.3386068080991704 0.4525137449960356 0.5860061192442321 0.7311350294919646 0.4040008625190973
50 45.0 0.3065449277026561 0.4052937543183316 0.5449872163600189 0.7101776420442732 0.891480155502658 0.5099392728513434
100 45.0 0.4427680046842701 0.5837705235738901 0.7899155363448191 1.0323159473813097 1.2998355719967112 0.740598147018224
150 45.0 0.5628775405694069 0.7400455533387938 1.007643072625889 1.3329544142545269 1.6913169855380596 1.0383454839296746
200 45.0 0.7799544825473577 1.0255297736324338 1.3962757187026507 1.8749677655062125 2.3843462719039934 1.381475982059117
250 45.0 1.0544071911430455 1.3799243698218344 1.8876640516166872 2.557323360950216 3.2784110286677905 1.938589032920302
300 45.0 1.335481910979072 1.7559316130085678 2.390803946624193 3.257981457060028 4.213984004386281 2.8245186352592517
350 45.0 1.7161586723292406 2.256536117529465 3.0723202493555215 4.1867585823285065 5.415228519375774 3.847887877958952
400 45.0 2.20864080703361 2.915109821126079 3.981793928951648 5.4419139948634765 7.0824359697310575 4.639987560414466
450 45.0 2.7152159962230775 3.5837730887098704 4.895038470346377 6.690196258217198 8.738917357588507 5.715030178328115
500 45.0 3.414034536933408 4.506034045886962 6.154806851566872 8.436441096110801 11.046415874370455 7.592822236989369
10 50.0 0.2403826745618395 0.3153210194569908 0.4213946441049137 0.5457068272354648 0.6808553087113436 0.3762179636793235
50 50.0 0.28883519979871625 0.38187910458350993 0.5135021894010231 0.6691492260847528 0.8399775222539746 0.4804790373243342
100 50.0 0.41986927898700316 0.553579541054725 0.7490633089945891 0.9789274471692061 1.2326117032893789 0.7022964774281473
150 50.0 0.5344049528565331 0.70261110195236 0.9566724729825151 1.265528271369644 1.6057634365862028 0.9858218340474167
200 50.0 0.7395787353576768 0.9724413796271341 1.3239949937540572 1.777906685426731 2.2609162968974608 1.3099613921075832
250 50.0 0.9952158429271123 1.3024594354284806 1.7816960905362846 2.413762676965646 3.094370583550507 1.8297622917343082
300 50.0 1.2627648190975218 1.6603210027927746 2.260624489434848 3.0805841183063074 3.984532254036708 2.6707233802035533
350 50.0 1.6177009986180315 2.1270764700274474 2.896058281552259 3.946560215444969 5.104551650605422 3.627130849326394
400 50.0 2.0996146182024016 2.7712098656377684 3.7852387374500016 5.173282200631598 6.7328223073547235 4.410941642977285
450 50.0 2.55244274736409 3.3689311057390285 4.601588035384168 6.289128725479817 8.215031975437121 5.372422433401881
500 50.0 3.227260843400539 4.25951966156233 5.818092036232542 7.974903508618072 10.44209278658778 7.177437026851798
